3,2
3,1
3,3
10,309
10,258
10,167
10,124
10,266
10,116
10,29
9,4
9,6
8,4
8,6
8,12
8,2
8,3
47,4
47,3
47,2
47,1
47,0
46,3
46,2
46,1
46,0
45,4
45,3
45,2
45,1
45,0
44,4
44,3
44,2
44,1
44,0
42,5
42,4
42,3
42,2
42,1
42,0
39,5
39,4
39,3
39,2
39,1
39,0
37,5
37,4
37,3
37,2
37,1
33,4
33,3
33,1
25,3
25,1
20,3
20,2
20,1
19,3
19,2
19,1
12,3
12,2
12,1
11,30
11,29
11,28
11,27
11,26
11,25
11,24
11,23
11,22
11,21
11,20
11,19
11,18
11,17
11,16
11,15
18,1
11,14
18,3
11,13
11,12
11,11
11,10
11,9
14,1
11,8
14,3
11,7
13,1
11,6
13,3
11,5
11,1
11,4
11,3
11,2
10,296
10,176
